1111333311224441111111111111111111X11111
111111311122444111111111111111X111X22311
XXXXXXXXXXXXX444111111111111XX1111X44111
111111111112X44411111111111X1111XX1X3111
113111111112X44411111111111X1111221X121X
113111111222X44411111111111X1111211311X1
113111122222X444111111111111XXXXXX111X11
113111122222X244411111111111111111XXX111
113111122222X224411111211111111111111111
1131122222222214411111221111112111111111
1131122222222211441112222111123211111111
1131111222221114441222222111223211111111
1131111122211444112333333212233211111111
1333111111144411123322223212332111111111
1133121111441111223221123333322111111111
1111122111444111122322112212333211111111
1111122111444411112233221111223321111111
1112221111444441111223321111112333211111
1112111111444444111122332111111223211111
1112111111444444111112321111111123321111
1112211111444144111123321111111112221111
1111221114444144111123222211111111121111
1112111114441114411112122221111111111111
1111111144411111441112221122211111111111
1111111444411111144111111112221111111111
1111114444111111114411111111211111111111
1111114411111112111441111111111111111111
1111144411111122111144111111111111111111
1111444411111222221114411111111111111111
1114444411112233222111441111111111111111
1144444411112223332211144444111111111111
1144444411111122332221111114411111111111
1444444411111112233222111111444441111111
1444444411111112223322221111111144111111
4444444411111111223322211111111114411111
4444444411111122223221111111111111441111
4444444411111122332211111111111111144111
4444444441111223322111111111111111114411
1111444444411223221111111111111111111441
1111111144111222222111111111111111111144
